esr-zerofield01_freq, esr-zerofield01_data
2.670000000000000000e+09, -8.640000000000000457e-02
2.671000000000000000e+09, -8.360999999999998988e-02
2.672000000000000000e+09, -8.279999999999999860e-02
2.673000000000000000e+09, -9.174999999999999822e-02
2.674000000000000000e+09, -1.061199999999999921e-01
2.675000000000000000e+09, -1.094699999999999840e-01
2.676000000000000000e+09, -1.031100000000000072e-01
2.677000000000000000e+09, -7.596999999999999587e-02
2.678000000000000000e+09, -7.646000000000000019e-02
2.679000000000000000e+09, -5.462000000000000188e-02
2.680000000000000000e+09, -1.020499999999999879e-01
2.681000000000000000e+09, -1.003700000000000148e-01
2.682000000000000000e+09, -1.035399999999999932e-01
2.683000000000000000e+09, -1.015500000000000014e-01
2.684000000000000000e+09, -7.273999999999999910e-02
2.685000000000000000e+09, -6.978999999999999093e-02
2.686000000000000000e+09, -7.045999999999999486e-02
2.687000000000000000e+09, -8.504999999999998672e-02
2.688000000000000000e+09, -8.766999999999999793e-02
2.689000000000000000e+09, -8.599999999999999312e-02
2.690000000000000000e+09, -9.238999999999999990e-02
2.691000000000000000e+09, -8.851000000000000534e-02
2.692000000000000000e+09, -9.720999999999999086e-02
2.693000000000000000e+09, -8.329999999999999905e-02
2.694000000000000000e+09, -1.016100000000000059e-01
2.695000000000000000e+09, -1.091600000000000070e-01
2.696000000000000000e+09, -9.661999999999999755e-02
2.697000000000000000e+09, -8.075000000000000233e-02
2.698000000000000000e+09, -9.624000000000000610e-02
2.699000000000000000e+09, -1.062700000000000033e-01
2.700000000000000000e+09, -9.561999999999998279e-02
2.701000000000000000e+09, -9.643000000000000183e-02
2.702000000000000000e+09, -9.215000000000000968e-02
2.703000000000000000e+09, -7.338000000000000078e-02
2.704000000000000000e+09, -6.688999999999999113e-02
2.705000000000000000e+09, -3.257000000000000173e-02
2.706000000000000000e+09, -6.540999999999999592e-02
2.707000000000000000e+09, -6.804999999999999938e-02
2.708000000000000000e+09, -6.492000000000000548e-02
2.709000000000000000e+09, -6.561000000000000165e-02
2.710000000000000000e+09, -6.976999999999999869e-02
2.711000000000000000e+09, -8.823000000000000287e-02
2.712000000000000000e+09, -8.064999999999999947e-02
2.713000000000000000e+09, -6.990999999999999992e-02
2.714000000000000000e+09, -1.033799999999999997e-01
2.715000000000000000e+09, -9.725999999999999923e-02
2.716000000000000000e+09, -7.250000000000000888e-02
2.717000000000000000e+09, -6.149999999999999911e-02
2.718000000000000000e+09, -7.197000000000000619e-02
2.719000000000000000e+09, -6.371999999999999886e-02
2.720000000000000000e+09, -5.660000000000000447e-02
2.721000000000000000e+09, -4.333999999999999658e-02
2.722000000000000000e+09, -7.735999999999999821e-02
2.723000000000000000e+09, -5.086000000000000243e-02
2.724000000000000000e+09, -6.251999999999999225e-02
2.725000000000000000e+09, -6.681000000000000827e-02
2.726000000000000000e+09, -6.230999999999999733e-02
2.727000000000000000e+09, -7.660999999999999754e-02
2.728000000000000000e+09, -1.028699999999999892e-01
2.729000000000000000e+09, -6.436999999999999666e-02
2.730000000000000000e+09, -6.345999999999998864e-02
2.731000000000000000e+09, -8.094999999999999418e-02
2.732000000000000000e+09, -8.773000000000000242e-02
2.733000000000000000e+09, -7.744999999999999107e-02
2.734000000000000000e+09, -8.458999999999999853e-02
2.735000000000000000e+09, -1.101899999999999824e-01
2.736000000000000000e+09, -1.218299999999999939e-01
2.737000000000000000e+09, -9.165000000000000924e-02
2.738000000000000000e+09, -7.511000000000001009e-02
2.739000000000000000e+09, -6.219999999999999835e-02
2.740000000000000000e+09, -5.662000000000000366e-02
2.741000000000000000e+09, -7.434999999999999942e-02
2.742000000000000000e+09, -8.293999999999999984e-02
2.743000000000000000e+09, -5.969000000000000000e-02
2.744000000000000000e+09, -6.617000000000000659e-02
2.745000000000000000e+09, -7.764999999999999680e-02
2.746000000000000000e+09, -8.280999999999999472e-02
2.747000000000000000e+09, -3.614000000000000545e-02
2.748000000000000000e+09, -2.903000000000000025e-02
2.749000000000000000e+09, -3.479000000000000148e-02
2.750000000000000000e+09, -5.437000000000000166e-02
2.751000000000000000e+09, -5.295000000000000401e-02
2.752000000000000000e+09, -7.090000000000000469e-02
2.753000000000000000e+09, -5.066999999999999282e-02
2.754000000000000000e+09, -6.289000000000000146e-02
2.755000000000000000e+09, -6.776000000000000079e-02
2.756000000000000000e+09, -6.987999999999999767e-02
2.757000000000000000e+09, -6.792000000000000814e-02
2.758000000000000000e+09, -4.811999999999999611e-02
2.759000000000000000e+09, -7.025000000000000688e-02
2.760000000000000000e+09, -6.890000000000000291e-02
2.761000000000000000e+09, -6.839000000000000634e-02
2.762000000000000000e+09, -7.494000000000000661e-02
2.763000000000000000e+09, -8.288999999999999146e-02
2.764000000000000000e+09, -5.755000000000000393e-02
2.765000000000000000e+09, -6.464999999999999913e-02
2.766000000000000000e+09, -6.060999999999999721e-02
2.767000000000000000e+09, -7.220999999999999641e-02
2.768000000000000000e+09, -8.531999999999999307e-02
2.769000000000000000e+09, -8.504000000000000448e-02
2.770000000000000000e+09, -1.095200000000000062e-01
2.771000000000000000e+09, -8.694999999999999951e-02
2.772000000000000000e+09, -6.345000000000000639e-02
2.773000000000000000e+09, -6.887999999999999678e-02
2.774000000000000000e+09, -9.156000000000000250e-02
2.775000000000000000e+09, -1.018300000000000038e-01
2.776000000000000000e+09, -7.026999999999999913e-02
2.777000000000000000e+09, -6.169000000000000178e-02
2.778000000000000000e+09, -6.656000000000000805e-02
2.779000000000000000e+09, -8.380999999999999561e-02
2.780000000000000000e+09, -1.049900000000000000e-01
2.781000000000000000e+09, -9.203999999999999682e-02
2.782000000000000000e+09, -1.125099999999999989e-01
2.783000000000000000e+09, -7.660999999999999754e-02
2.784000000000000000e+09, -7.562000000000000666e-02
2.785000000000000000e+09, -8.964999999999999358e-02
2.786000000000000000e+09, -7.996000000000000330e-02
2.787000000000000000e+09, -7.666999999999998816e-02
2.788000000000000000e+09, -7.663999999999999979e-02
2.789000000000000000e+09, -1.013199999999999934e-01
2.790000000000000000e+09, -8.618000000000000660e-02
2.791000000000000000e+09, -5.515000000000000457e-02
2.792000000000000000e+09, -4.291999999999999982e-02
2.793000000000000000e+09, -5.251999999999999724e-02
2.794000000000000000e+09, -6.021000000000000657e-02
2.795000000000000000e+09, -4.009000000000000064e-02
2.796000000000000000e+09, -5.254999999999999949e-02
2.797000000000000000e+09, -3.370999999999999691e-02
2.798000000000000000e+09, -5.541000000000000092e-02
2.799000000000000000e+09, -5.509000000000000008e-02
2.800000000000000000e+09, -1.720999999999999960e-02
2.801000000000000000e+09, -3.960000000000000325e-02
2.802000000000000000e+09, -4.245000000000000162e-02
2.803000000000000000e+09, -4.360000000000000160e-03
2.804000000000000000e+09, 1.704999999999999918e-02
2.805000000000000000e+09, 1.665000000000000160e-02
2.806000000000000000e+09, 4.023999999999999799e-02
2.807000000000000000e+09, 4.201999999999999486e-02
2.808000000000000000e+09, 7.506999999999999784e-02
2.809000000000000000e+09, 9.590000000000001301e-02
2.810000000000000000e+09, 9.409000000000000696e-02
2.811000000000000000e+09, 1.085300000000000015e-01
2.812000000000000000e+09, 1.625999999999999945e-01
2.813000000000000000e+09, 1.669700000000000073e-01
2.814000000000000000e+09, 1.418999999999999984e-01
2.815000000000000000e+09, 9.329999999999999405e-02
2.816000000000000000e+09, 1.490099999999999758e-01
2.817000000000000000e+09, 1.506899999999999906e-01
2.818000000000000000e+09, 1.483399999999999996e-01
2.819000000000000000e+09, 1.245699999999999863e-01
2.820000000000000000e+09, 1.403899999999999870e-01
2.821000000000000000e+09, 1.043100000000000138e-01
2.822000000000000000e+09, 8.608999999999999986e-02
2.823000000000000000e+09, 4.250999999999999918e-02
2.824000000000000000e+09, 4.881999999999999534e-02
2.825000000000000000e+09, 4.681000000000000438e-02
2.826000000000000000e+09, 4.782999999999999752e-02
2.827000000000000000e+09, 3.981999999999999429e-02
2.828000000000000000e+09, 2.391999999999999682e-02
2.829000000000000000e+09, 1.737999999999999962e-02
2.830000000000000000e+09, 1.107999999999999957e-02
2.831000000000000000e+09, 2.280999999999999694e-02
2.832000000000000000e+09, 3.919999999999999873e-03
2.833000000000000000e+09, 8.089999999999999969e-03
2.834000000000000000e+09, -2.459999999999999947e-03
2.835000000000000000e+09, 2.857999999999999777e-02
2.836000000000000000e+09, 4.513999999999999957e-02
2.837000000000000000e+09, 3.771000000000000046e-02
2.838000000000000000e+09, 7.703000000000000125e-02
2.839000000000000000e+09, 8.669999999999999929e-02
2.840000000000000000e+09, 7.819999999999999174e-02
2.841000000000000000e+09, 1.200600000000000001e-01
2.842000000000000000e+09, 1.525799999999999934e-01
2.843000000000000000e+09, 2.132400000000000129e-01
2.844000000000000000e+09, 2.554400000000000004e-01
2.845000000000000000e+09, 2.998499999999999499e-01
2.846000000000000000e+09, 3.604199999999999626e-01
2.847000000000000000e+09, 4.299100000000000144e-01
2.848000000000000000e+09, 5.081799999999999651e-01
2.849000000000000000e+09, 5.777299999999999658e-01
2.850000000000000000e+09, 7.322799999999999310e-01
2.851000000000000000e+09, 8.492600000000000149e-01
2.852000000000000000e+09, 1.004769999999999941e+00
2.853000000000000000e+09, 1.170709999999999917e+00
2.854000000000000000e+09, 1.429810000000000025e+00
2.855000000000000000e+09, 1.736909999999999954e+00
2.856000000000000000e+09, 2.061900000000000066e+00
2.857000000000000000e+09, 2.447589999999999932e+00
2.858000000000000000e+09, 2.760149999999999881e+00
2.859000000000000000e+09, 3.156060000000000088e+00
2.860000000000000000e+09, 3.578750000000000320e+00
2.861000000000000000e+09, 3.953399999999999803e+00
2.862000000000000000e+09, 4.356410000000000338e+00
2.863000000000000000e+09, 4.683819999999999872e+00
2.864000000000000000e+09, 4.981379999999999697e+00
2.865000000000000000e+09, 5.176330000000000098e+00
2.866000000000000000e+09, 5.385909999999999975e+00
2.867000000000000000e+09, 5.449339999999999407e+00
2.868000000000000000e+09, 5.467670000000000030e+00
2.869000000000000000e+09, 5.403690000000000104e+00
2.870000000000000000e+09, 5.390889999999999738e+00
2.871000000000000000e+09, 5.367650000000000254e+00
2.872000000000000000e+09, 5.328240000000000087e+00
2.873000000000000000e+09, 5.303420000000000023e+00
2.874000000000000000e+09, 5.267640000000000100e+00
2.875000000000000000e+09, 5.259730000000000238e+00
2.876000000000000000e+09, 5.146709999999999674e+00
2.877000000000000000e+09, 4.932229999999999670e+00
2.878000000000000000e+09, 4.648089999999999833e+00
2.879000000000000000e+09, 4.339459999999999873e+00
2.880000000000000000e+09, 3.947389999999999954e+00
2.881000000000000000e+09, 3.546089999999999964e+00
2.882000000000000000e+09, 3.048869999999999969e+00
2.883000000000000000e+09, 2.718609999999999971e+00
2.884000000000000000e+09, 2.324139999999999873e+00
2.885000000000000000e+09, 1.940139999999999976e+00
2.886000000000000000e+09, 1.576299999999999812e+00
2.887000000000000000e+09, 1.273800000000000043e+00
2.888000000000000000e+09, 1.000999999999999890e+00
2.889000000000000000e+09, 8.347900000000000320e-01
2.890000000000000000e+09, 6.771199999999999442e-01
2.891000000000000000e+09, 5.628900000000000015e-01
2.892000000000000000e+09, 4.422899999999999610e-01
2.893000000000000000e+09, 3.793499999999999650e-01
2.894000000000000000e+09, 3.270899999999999919e-01
2.895000000000000000e+09, 2.883399999999999852e-01
2.896000000000000000e+09, 2.352299999999999947e-01
2.897000000000000000e+09, 1.932800000000000074e-01
2.898000000000000000e+09, 1.766699999999999937e-01
2.899000000000000000e+09, 1.429199999999999915e-01
2.900000000000000000e+09, 1.311400000000000066e-01
2.901000000000000000e+09, 1.003300000000000025e-01
2.902000000000000000e+09, 1.122300000000000103e-01
2.903000000000000000e+09, 9.695999999999999064e-02
2.904000000000000000e+09, 8.815000000000000613e-02
2.905000000000000000e+09, 8.934000000000000274e-02
2.906000000000000000e+09, 7.305000000000000382e-02
2.907000000000000000e+09, 2.829999999999999877e-02
2.908000000000000000e+09, 2.448000000000000176e-02
2.909000000000000000e+09, 6.278000000000000247e-02
2.910000000000000000e+09, 5.593999999999999667e-02
2.911000000000000000e+09, 5.535999999999999949e-02
2.912000000000000000e+09, 5.822999999999999704e-02
2.913000000000000000e+09, 2.971000000000000030e-02
2.914000000000000000e+09, 1.208000000000000046e-02
2.915000000000000000e+09, 5.252999999999999337e-02
2.916000000000000000e+09, 4.828000000000000347e-02
2.917000000000000000e+09, 3.056999999999999995e-02
2.918000000000000000e+09, 2.732999999999999666e-02
2.919000000000000000e+09, 2.258999999999999897e-02
2.920000000000000000e+09, 4.359999999999999987e-02
2.921000000000000000e+09, 1.634999999999999995e-02
2.922000000000000000e+09, -5.740000000000000310e-03
2.923000000000000000e+09, -1.030000000000000100e-03
2.924000000000000000e+09, 4.800000000000000447e-03
2.925000000000000000e+09, -5.310000000000000137e-02
2.926000000000000000e+09, -2.210000000000000159e-02
2.927000000000000000e+09, -5.671999999999999265e-02
2.928000000000000000e+09, -6.017999999999999738e-02
2.929000000000000000e+09, -3.868999999999999523e-02
2.930000000000000000e+09, -2.283999999999999919e-02
2.931000000000000000e+09, -2.021000000000000227e-02
2.932000000000000000e+09, -1.534999999999999906e-02
2.933000000000000000e+09, -5.269999999999999511e-03
2.934000000000000000e+09, -5.719999999999999390e-03
2.935000000000000000e+09, -1.406999999999999917e-02
2.936000000000000000e+09, 2.449000000000000135e-02
2.937000000000000000e+09, 4.184999999999999831e-02
2.938000000000000000e+09, 6.539000000000000368e-02
2.939000000000000000e+09, 9.482999999999999763e-02
2.940000000000000000e+09, 5.847000000000000114e-02
2.941000000000000000e+09, 2.639999999999999986e-02
2.942000000000000000e+09, 5.469999999999999862e-02
2.943000000000000000e+09, 5.465000000000000413e-02
2.944000000000000000e+09, 3.985999999999999960e-02
2.945000000000000000e+09, 5.020999999999999769e-02
2.946000000000000000e+09, 3.751999999999999780e-02
2.947000000000000000e+09, 1.924999999999999975e-02
2.948000000000000000e+09, -2.340000000000000066e-03
2.949000000000000000e+09, -2.739999999999999814e-03
2.950000000000000000e+09, -1.013000000000000012e-02
2.951000000000000000e+09, -3.892999999999999933e-02
2.952000000000000000e+09, -3.561999999999999889e-02
2.953000000000000000e+09, -5.078000000000000569e-02
2.954000000000000000e+09, -5.996999999999999553e-02
2.955000000000000000e+09, -5.419999999999999818e-02
2.956000000000000000e+09, -5.439000000000000085e-02
2.957000000000000000e+09, -5.415000000000000369e-02
2.958000000000000000e+09, -5.287999999999999645e-02
2.959000000000000000e+09, -5.754999999999999699e-02
2.960000000000000000e+09, -7.073000000000000120e-02
2.961000000000000000e+09, -6.966999999999999582e-02
2.962000000000000000e+09, -7.306999999999999607e-02
2.963000000000000000e+09, -7.633999999999999120e-02
2.964000000000000000e+09, -7.910999999999999976e-02
2.965000000000000000e+09, -8.011000000000000065e-02
2.966000000000000000e+09, -7.165000000000000535e-02
2.967000000000000000e+09, -7.194000000000000394e-02
2.968000000000000000e+09, -8.141999999999999238e-02
2.969000000000000000e+09, -1.013799999999999979e-01
2.970000000000000000e+09, -7.144000000000000350e-02
2.971000000000000000e+09, -7.675999999999999490e-02
2.972000000000000000e+09, -8.654000000000000581e-02
2.973000000000000000e+09, -1.044299999999999951e-01
2.974000000000000000e+09, -9.235000000000001541e-02
2.975000000000000000e+09, -1.026899999999999896e-01
2.976000000000000000e+09, -7.894999999999999241e-02
2.977000000000000000e+09, -7.586000000000001076e-02
2.978000000000000000e+09, -6.983999999999999930e-02
2.979000000000000000e+09, -6.786999999999999977e-02
2.980000000000000000e+09, -9.983999999999999819e-02
2.981000000000000000e+09, -1.212600000000000067e-01
2.982000000000000000e+09, -1.113599999999999868e-01
2.983000000000000000e+09, -7.544000000000000705e-02
2.984000000000000000e+09, -9.808000000000000052e-02
2.985000000000000000e+09, -1.052999999999999908e-01
2.986000000000000000e+09, -8.751999999999998670e-02
2.987000000000000000e+09, -9.625000000000000222e-02
2.988000000000000000e+09, -9.022000000000000852e-02
2.989000000000000000e+09, -1.009099999999999997e-01
2.990000000000000000e+09, -1.034799999999999887e-01
2.991000000000000000e+09, -8.635999999999999233e-02
2.992000000000000000e+09, -8.777000000000000079e-02
2.993000000000000000e+09, -8.161999999999999811e-02
2.994000000000000000e+09, -1.132200000000000012e-01
2.995000000000000000e+09, -9.271000000000000074e-02
2.996000000000000000e+09, -8.100000000000000255e-02
2.997000000000000000e+09, -7.614999999999999547e-02
2.998000000000000000e+09, -7.796999999999999764e-02
2.999000000000000000e+09, -7.589999999999999525e-02
3.000000000000000000e+09, -8.906999999999999640e-02
3.001000000000000000e+09, -8.114000000000000379e-02
3.002000000000000000e+09, -7.975999999999999757e-02
3.003000000000000000e+09, -8.539000000000000756e-02
3.004000000000000000e+09, -8.587000000000000188e-02
3.005000000000000000e+09, -5.446000000000000146e-02
3.006000000000000000e+09, -6.216000000000000691e-02
3.007000000000000000e+09, -8.899999999999999578e-02
3.008000000000000000e+09, -7.459999999999999964e-02
3.009000000000000000e+09, -7.655000000000000693e-02
3.010000000000000000e+09, -1.062599999999999933e-01
3.011000000000000000e+09, -9.224999999999999867e-02
3.012000000000000000e+09, -1.004099999999999993e-01
3.013000000000000000e+09, -8.355999999999999539e-02
3.014000000000000000e+09, -8.699999999999999400e-02
3.015000000000000000e+09, -7.242999999999999439e-02
3.016000000000000000e+09, -6.372999999999999499e-02
3.017000000000000000e+09, -5.535000000000000336e-02
3.018000000000000000e+09, -6.276000000000001022e-02
3.019000000000000000e+09, -7.933999999999999386e-02
3.020000000000000000e+09, -9.781999999999999029e-02
3.021000000000000000e+09, -7.150999999999999024e-02
3.022000000000000000e+09, -6.937000000000000111e-02
3.023000000000000000e+09, -5.875000000000000361e-02
3.024000000000000000e+09, -8.146000000000000463e-02
3.025000000000000000e+09, -7.560999999999999666e-02
3.026000000000000000e+09, -5.803999999999999437e-02
3.027000000000000000e+09, -7.824000000000000399e-02
3.028000000000000000e+09, -7.148000000000000187e-02
3.029000000000000000e+09, -8.901999999999998803e-02
3.030000000000000000e+09, -8.038999999999998924e-02
3.031000000000000000e+09, -9.470000000000000639e-02
3.032000000000000000e+09, -8.401000000000000134e-02
3.033000000000000000e+09, -1.020900000000000002e-01
3.034000000000000000e+09, -9.504000000000001336e-02
3.035000000000000000e+09, -1.146799999999999903e-01
3.036000000000000000e+09, -1.124399999999999983e-01
3.037000000000000000e+09, -8.362999999999999601e-02
3.038000000000000000e+09, -6.970999999999999419e-02
3.039000000000000000e+09, -7.833999999999999297e-02
3.040000000000000000e+09, -7.990999999999999492e-02
3.041000000000000000e+09, -9.468999999999999639e-02
3.042000000000000000e+09, -9.559000000000000830e-02
3.043000000000000000e+09, -9.611999999999999711e-02
3.044000000000000000e+09, -7.833999999999999297e-02
3.045000000000000000e+09, -8.221000000000000529e-02
3.046000000000000000e+09, -8.413999999999999257e-02
3.047000000000000000e+09, -7.619000000000000772e-02
3.048000000000000000e+09, -7.995000000000000717e-02
3.049000000000000000e+09, -7.938999999999998836e-02
3.050000000000000000e+09, -1.035799999999999915e-01
3.051000000000000000e+09, -1.003000000000000003e-01
3.052000000000000000e+09, -9.811999999999999889e-02
3.053000000000000000e+09, -1.301199999999999857e-01
3.054000000000000000e+09, -1.149400000000000144e-01
3.055000000000000000e+09, -8.968999999999999195e-02
3.056000000000000000e+09, -1.119799999999999962e-01
3.057000000000000000e+09, -1.182499999999999940e-01
3.058000000000000000e+09, -8.738999999999999546e-02
3.059000000000000000e+09, -7.875999999999999668e-02
3.060000000000000000e+09, -8.551999999999999880e-02
3.061000000000000000e+09, -8.951000000000000623e-02
3.062000000000000000e+09, -9.811000000000000276e-02
3.063000000000000000e+09, -1.193400000000000016e-01
3.064000000000000000e+09, -1.060400000000000093e-01
3.065000000000000000e+09, -9.763999999999999069e-02
3.066000000000000000e+09, -7.771999999999999742e-02
3.067000000000000000e+09, -8.032000000000000250e-02
3.068000000000000000e+09, -9.365000000000001101e-02
3.069000000000000000e+09, -9.697000000000000064e-02
