esr-tmp_freq, esr-tmp_data
2.500000000000000000e+09, -1.700000000000000122e-02
2.501000000000000000e+09, -5.500000000000000028e-02
2.502000000000000000e+09, -9.600000000000001588e-02
2.503000000000000000e+09, -1.410000000000000142e-01
2.504000000000000000e+09, -1.370000000000000107e-01
2.505000000000000000e+09, -1.370000000000000107e-01
2.506000000000000000e+09, -1.499999999999999944e-01
2.507000000000000000e+09, -1.040000000000000091e-01
2.508000000000000000e+09, -9.100000000000001144e-02
2.509000000000000000e+09, -9.900000000000000466e-02
2.510000000000000000e+09, -1.179999999999999938e-01
2.511000000000000000e+09, -1.330000000000000071e-01
2.512000000000000000e+09, -1.529999999999999971e-01
2.513000000000000000e+09, -1.370000000000000107e-01
2.514000000000000000e+09, -1.410000000000000142e-01
2.515000000000000000e+09, -1.079999999999999988e-01
2.516000000000000000e+09, -1.109999999999999876e-01
2.517000000000000000e+09, -1.239999999999999991e-01
2.518000000000000000e+09, -1.229999999999999982e-01
2.519000000000000000e+09, -1.169999999999999929e-01
2.520000000000000000e+09, -1.400000000000000133e-01
2.521000000000000000e+09, -1.270000000000000018e-01
2.522000000000000000e+09, -1.360000000000000098e-01
2.523000000000000000e+09, -1.270000000000000018e-01
2.524000000000000000e+09, -1.650000000000000078e-01
2.525000000000000000e+09, -1.420000000000000151e-01
2.526000000000000000e+09, -1.600000000000000033e-01
2.527000000000000000e+09, -1.430000000000000160e-01
2.528000000000000000e+09, -1.660000000000000087e-01
2.529000000000000000e+09, -1.710000000000000131e-01
2.530000000000000000e+09, -1.459999999999999909e-01
2.531000000000000000e+09, -1.400000000000000133e-01
2.532000000000000000e+09, -1.509999999999999953e-01
2.533000000000000000e+09, -1.149999999999999911e-01
2.534000000000000000e+09, -9.199999999999999845e-02
2.535000000000000000e+09, -5.699999999999999512e-02
2.536000000000000000e+09, -7.499999999999999722e-02
2.537000000000000000e+09, -1.049999999999999822e-01
2.538000000000000000e+09, -1.239999999999999991e-01
2.539000000000000000e+09, -1.440000000000000169e-01
2.540000000000000000e+09, -1.129999999999999893e-01
2.541000000000000000e+09, -1.150000000000000050e-01
2.542000000000000000e+09, -6.600000000000000311e-02
2.543000000000000000e+09, -1.229999999999999982e-01
2.544000000000000000e+09, -1.209999999999999964e-01
2.545000000000000000e+09, -1.120000000000000023e-01
2.546000000000000000e+09, -9.900000000000000466e-02
2.547000000000000000e+09, -1.070000000000000118e-01
2.548000000000000000e+09, -8.200000000000000344e-02
2.549000000000000000e+09, -8.900000000000000966e-02
2.550000000000000000e+09, -1.209999999999999964e-01
2.551000000000000000e+09, -1.330000000000000071e-01
2.552000000000000000e+09, -1.469999999999999918e-01
2.553000000000000000e+09, -1.690000000000000113e-01
2.554000000000000000e+09, -1.340000000000000080e-01
2.555000000000000000e+09, -1.109999999999999876e-01
2.556000000000000000e+09, -1.010000000000000064e-01
2.557000000000000000e+09, -1.310000000000000053e-01
2.558000000000000000e+09, -1.420000000000000151e-01
2.559000000000000000e+09, -1.610000000000000042e-01
2.560000000000000000e+09, -1.509999999999999953e-01
2.561000000000000000e+09, -1.189999999999999947e-01
2.562000000000000000e+09, -1.460000000000000187e-01
2.563000000000000000e+09, -1.420000000000000151e-01
2.564000000000000000e+09, -1.420000000000000151e-01
2.565000000000000000e+09, -1.610000000000000042e-01
2.566000000000000000e+09, -1.769999999999999907e-01
2.567000000000000000e+09, -1.199999999999999956e-01
2.568000000000000000e+09, -1.089999999999999858e-01
2.569000000000000000e+09, -1.199999999999999956e-01
2.570000000000000000e+09, -1.119999999999999885e-01
2.571000000000000000e+09, -1.179999999999999938e-01
2.572000000000000000e+09, -1.450000000000000178e-01
2.573000000000000000e+09, -1.350000000000000089e-01
2.574000000000000000e+09, -1.640000000000000069e-01
2.575000000000000000e+09, -1.360000000000000098e-01
2.576000000000000000e+09, -1.219999999999999973e-01
2.577000000000000000e+09, -1.370000000000000107e-01
2.578000000000000000e+09, -9.900000000000000466e-02
2.579000000000000000e+09, -9.299999999999999933e-02
2.580000000000000000e+09, -1.480000000000000204e-01
2.581000000000000000e+09, -1.429999999999999882e-01
2.582000000000000000e+09, -1.320000000000000062e-01
2.583000000000000000e+09, -1.189999999999999947e-01
2.584000000000000000e+09, -1.549999999999999989e-01
2.585000000000000000e+09, -1.320000000000000062e-01
2.586000000000000000e+09, -1.119999999999999885e-01
2.587000000000000000e+09, -1.350000000000000089e-01
2.588000000000000000e+09, -9.800000000000000377e-02
2.589000000000000000e+09, -1.050000000000000100e-01
2.590000000000000000e+09, -1.119999999999999885e-01
2.591000000000000000e+09, -8.700000000000000788e-02
2.592000000000000000e+09, -1.020000000000000073e-01
2.593000000000000000e+09, -8.499999999999999223e-02
2.594000000000000000e+09, -7.699999999999999900e-02
2.595000000000000000e+09, -6.899999999999999190e-02
2.596000000000000000e+09, -2.100000000000000130e-02
2.597000000000000000e+09, -3.499999999999999639e-02
2.598000000000000000e+09, -4.100000000000000172e-02
2.599000000000000000e+09, -8.000000000000000167e-03
2.600000000000000000e+09, -1.499999999999999944e-02
2.601000000000000000e+09, -3.000000000000000062e-03
2.602000000000000000e+09, -4.100000000000000172e-02
2.603000000000000000e+09, -6.400000000000000133e-02
2.604000000000000000e+09, -4.700000000000000011e-02
2.605000000000000000e+09, -5.200000000000000455e-02
2.606000000000000000e+09, -5.999999999999999778e-02
2.607000000000000000e+09, -5.100000000000000366e-02
2.608000000000000000e+09, -4.900000000000000189e-02
2.609000000000000000e+09, -9.700000000000000289e-02
2.610000000000000000e+09, -9.400000000000000022e-02
2.611000000000000000e+09, -1.069999999999999840e-01
2.612000000000000000e+09, -1.189999999999999947e-01
2.613000000000000000e+09, -9.800000000000000377e-02
2.614000000000000000e+09, -4.700000000000000011e-02
2.615000000000000000e+09, -8.000000000000000167e-02
2.616000000000000000e+09, -6.400000000000000133e-02
2.617000000000000000e+09, -1.150000000000000050e-01
2.618000000000000000e+09, -1.089999999999999858e-01
2.619000000000000000e+09, -9.299999999999999933e-02
2.620000000000000000e+09, -6.999999999999999278e-02
2.621000000000000000e+09, -9.900000000000000466e-02
2.622000000000000000e+09, -1.099999999999999867e-01
2.623000000000000000e+09, -8.999999999999999667e-02
2.624000000000000000e+09, -1.119999999999999885e-01
2.625000000000000000e+09, -1.519999999999999962e-01
2.626000000000000000e+09, -1.239999999999999991e-01
2.627000000000000000e+09, -9.299999999999999933e-02
2.628000000000000000e+09, -5.399999999999999939e-02
2.629000000000000000e+09, -6.500000000000000222e-02
2.630000000000000000e+09, -8.000000000000000167e-02
2.631000000000000000e+09, -7.900000000000000078e-02
2.632000000000000000e+09, -5.200000000000000455e-02
2.633000000000000000e+09, -7.499999999999999722e-02
2.634000000000000000e+09, -8.300000000000000433e-02
2.635000000000000000e+09, -6.099999999999999867e-02
2.636000000000000000e+09, -9.000000000000001055e-02
2.637000000000000000e+09, -6.999999999999999278e-02
2.638000000000000000e+09, -1.900000000000000300e-02
2.639000000000000000e+09, -1.200000000000000025e-02
2.640000000000000000e+09, -1.700000000000000122e-02
2.641000000000000000e+09, 8.000000000000000167e-03
2.642000000000000000e+09, 2.300000000000000308e-02
2.643000000000000000e+09, 9.600000000000000200e-02
2.644000000000000000e+09, 1.720000000000000140e-01
2.645000000000000000e+09, 2.269999999999999796e-01
2.646000000000000000e+09, 3.460000000000000298e-01
2.647000000000000000e+09, 5.050000000000000044e-01
2.648000000000000000e+09, 7.090000000000000746e-01
2.649000000000000000e+09, 9.720000000000000862e-01
2.650000000000000000e+09, 1.289000000000000146e+00
2.651000000000000000e+09, 1.667000000000000259e+00
2.652000000000000000e+09, 2.068999999999999950e+00
2.653000000000000000e+09, 2.517999999999999794e+00
2.654000000000000000e+09, 2.863999999999999879e+00
2.655000000000000000e+09, 3.263000000000000345e+00
2.656000000000000000e+09, 3.503000000000000114e+00
2.657000000000000000e+09, 3.704000000000000181e+00
2.658000000000000000e+09, 3.802000000000000490e+00
2.659000000000000000e+09, 3.761000000000000121e+00
2.660000000000000000e+09, 3.552999999999999492e+00
2.661000000000000000e+09, 3.179999999999999716e+00
2.662000000000000000e+09, 2.745999999999999996e+00
2.663000000000000000e+09, 2.393999999999999684e+00
2.664000000000000000e+09, 1.943999999999999950e+00
2.665000000000000000e+09, 1.538000000000000034e+00
2.666000000000000000e+09, 1.153999999999999915e+00
2.667000000000000000e+09, 8.470000000000000862e-01
2.668000000000000000e+09, 6.199999999999999956e-01
2.669000000000000000e+09, 4.320000000000000506e-01
2.670000000000000000e+09, 3.109999999999999987e-01
2.671000000000000000e+09, 2.150000000000000244e-01
2.672000000000000000e+09, 1.090000000000000135e-01
2.673000000000000000e+09, 8.600000000000000699e-02
2.674000000000000000e+09, 8.300000000000000433e-02
2.675000000000000000e+09, 2.400000000000000050e-02
2.676000000000000000e+09, -2.699999999999999623e-02
2.677000000000000000e+09, -2.299999999999999961e-02
2.678000000000000000e+09, -5.200000000000000455e-02
2.679000000000000000e+09, -6.000000000000000125e-03
2.680000000000000000e+09, -1.600000000000000033e-02
2.681000000000000000e+09, -9.100000000000001144e-02
2.682000000000000000e+09, -8.900000000000000966e-02
2.683000000000000000e+09, -6.700000000000000400e-02
2.684000000000000000e+09, -8.800000000000000877e-02
2.685000000000000000e+09, -1.120000000000000023e-01
2.686000000000000000e+09, -9.299999999999999933e-02
2.687000000000000000e+09, -1.110000000000000153e-01
2.688000000000000000e+09, -9.400000000000000022e-02
2.689000000000000000e+09, -6.699999999999999012e-02
2.690000000000000000e+09, -4.599999999999999922e-02
2.691000000000000000e+09, -5.899999999999999689e-02
2.692000000000000000e+09, -9.300000000000001321e-02
2.693000000000000000e+09, -1.010000000000000064e-01
2.694000000000000000e+09, -1.079999999999999849e-01
2.695000000000000000e+09, -8.700000000000000788e-02
2.696000000000000000e+09, -8.500000000000000611e-02
2.697000000000000000e+09, -8.400000000000000522e-02
2.698000000000000000e+09, -8.800000000000000877e-02
2.699000000000000000e+09, -7.699999999999999900e-02
2.700000000000000000e+09, -5.400000000000000633e-02
2.701000000000000000e+09, -4.200000000000000261e-02
2.702000000000000000e+09, -5.999999999999999778e-02
2.703000000000000000e+09, -5.200000000000000455e-02
2.704000000000000000e+09, -7.399999999999999634e-02
2.705000000000000000e+09, -9.199999999999999845e-02
2.706000000000000000e+09, -7.499999999999999722e-02
2.707000000000000000e+09, -9.700000000000000289e-02
2.708000000000000000e+09, -6.499999999999998834e-02
2.709000000000000000e+09, -7.900000000000000078e-02
2.710000000000000000e+09, -1.149999999999999911e-01
2.711000000000000000e+09, -6.199999999999999262e-02
2.712000000000000000e+09, -4.200000000000000261e-02
2.713000000000000000e+09, -5.399999999999999245e-02
2.714000000000000000e+09, -7.399999999999999634e-02
2.715000000000000000e+09, -9.299999999999999933e-02
2.716000000000000000e+09, -8.500000000000000611e-02
2.717000000000000000e+09, -5.000000000000000278e-02
2.718000000000000000e+09, -3.399999999999999550e-02
2.719000000000000000e+09, -7.699999999999999900e-02
2.720000000000000000e+09, -5.000000000000000278e-02
2.721000000000000000e+09, -2.899999999999999800e-02
2.722000000000000000e+09, -5.999999999999999778e-02
2.723000000000000000e+09, -5.000000000000000278e-02
2.724000000000000000e+09, -5.500000000000000028e-02
2.725000000000000000e+09, -6.700000000000000400e-02
2.726000000000000000e+09, -4.200000000000000261e-02
2.727000000000000000e+09, -7.399999999999999634e-02
2.728000000000000000e+09, -6.899999999999999190e-02
2.729000000000000000e+09, -7.900000000000000078e-02
2.730000000000000000e+09, -8.700000000000000788e-02
2.731000000000000000e+09, -8.800000000000000877e-02
2.732000000000000000e+09, -9.800000000000000377e-02
2.733000000000000000e+09, -1.229999999999999982e-01
2.734000000000000000e+09, -1.239999999999999991e-01
2.735000000000000000e+09, -1.000000000000000056e-01
2.736000000000000000e+09, -9.500000000000000111e-02
2.737000000000000000e+09, -6.700000000000000400e-02
2.738000000000000000e+09, -8.400000000000000522e-02
2.739000000000000000e+09, -7.399999999999999634e-02
2.740000000000000000e+09, -7.699999999999999900e-02
2.741000000000000000e+09, -8.900000000000000966e-02
2.742000000000000000e+09, -9.500000000000000111e-02
2.743000000000000000e+09, -6.700000000000000400e-02
2.744000000000000000e+09, -1.260000000000000009e-01
2.745000000000000000e+09, -1.159999999999999920e-01
2.746000000000000000e+09, -8.300000000000000433e-02
2.747000000000000000e+09, -3.699999999999999817e-02
2.748000000000000000e+09, -3.899999999999999994e-02
2.749000000000000000e+09, -1.400000000000000203e-02
2.750000000000000000e+09, 1.000000000000000021e-03
2.751000000000000000e+09, 9.000000000000001055e-03
2.752000000000000000e+09, 8.200000000000000344e-02
2.753000000000000000e+09, 1.740000000000000158e-01
2.754000000000000000e+09, 2.720000000000000195e-01
2.755000000000000000e+09, 4.209999999999999298e-01
2.756000000000000000e+09, 5.889999999999999680e-01
2.757000000000000000e+09, 7.300000000000000933e-01
2.758000000000000000e+09, 8.440000000000000835e-01
2.759000000000000000e+09, 9.169999999999998153e-01
2.760000000000000000e+09, 9.210000000000000409e-01
2.761000000000000000e+09, 8.779999999999998916e-01
2.762000000000000000e+09, 7.840000000000000302e-01
2.763000000000000000e+09, 6.430000000000000160e-01
2.764000000000000000e+09, 4.699999999999999734e-01
2.765000000000000000e+09, 3.509999999999999787e-01
2.766000000000000000e+09, 2.389999999999999902e-01
2.767000000000000000e+09, 1.600000000000000033e-01
2.768000000000000000e+09, 1.020000000000000073e-01
2.769000000000000000e+09, 4.099999999999999478e-02
2.770000000000000000e+09, -1.000000000000000021e-03
2.771000000000000000e+09, -2.000000000000000042e-03
2.772000000000000000e+09, 1.000000000000000021e-03
2.773000000000000000e+09, -1.099999999999999936e-02
2.774000000000000000e+09, -6.600000000000000311e-02
2.775000000000000000e+09, -5.999999999999999778e-02
2.776000000000000000e+09, -7.699999999999999900e-02
2.777000000000000000e+09, -7.900000000000000078e-02
2.778000000000000000e+09, -6.799999999999999101e-02
2.779000000000000000e+09, -1.079999999999999849e-01
2.780000000000000000e+09, -1.109999999999999876e-01
2.781000000000000000e+09, -1.109999999999999876e-01
2.782000000000000000e+09, -1.159999999999999920e-01
2.783000000000000000e+09, -8.000000000000000167e-02
2.784000000000000000e+09, -9.700000000000000289e-02
2.785000000000000000e+09, -8.999999999999999667e-02
2.786000000000000000e+09, -4.900000000000000189e-02
2.787000000000000000e+09, -3.200000000000000067e-02
2.788000000000000000e+09, -5.399999999999999939e-02
2.789000000000000000e+09, -6.300000000000000044e-02
2.790000000000000000e+09, -8.799999999999999489e-02
2.791000000000000000e+09, -2.700000000000000316e-02
2.792000000000000000e+09, -2.500000000000000139e-02
2.793000000000000000e+09, -5.000000000000000278e-02
2.794000000000000000e+09, -5.599999999999999423e-02
2.795000000000000000e+09, -4.800000000000000100e-02
2.796000000000000000e+09, -4.000000000000000083e-03
2.797000000000000000e+09, 3.200000000000000067e-02
2.798000000000000000e+09, 4.399999999999999745e-02
2.799000000000000000e+09, 1.300000000000000114e-02
2.800000000000000000e+09, 5.000000000000000104e-03
2.801000000000000000e+09, 9.000000000000001055e-03
2.802000000000000000e+09, 5.999999999999999084e-02
2.803000000000000000e+09, 3.099999999999999978e-02
2.804000000000000000e+09, 1.000000000000000021e-03
2.805000000000000000e+09, 2.200000000000000219e-02
2.806000000000000000e+09, 2.800000000000000405e-02
2.807000000000000000e+09, 4.599999999999999922e-02
2.808000000000000000e+09, 6.500000000000000222e-02
2.809000000000000000e+09, 5.899999999999999689e-02
2.810000000000000000e+09, 6.400000000000000133e-02
2.811000000000000000e+09, 1.039999999999999813e-01
2.812000000000000000e+09, 1.070000000000000118e-01
2.813000000000000000e+09, 8.400000000000000522e-02
2.814000000000000000e+09, 1.149999999999999911e-01
2.815000000000000000e+09, 1.600000000000000033e-01
2.816000000000000000e+09, 1.760000000000000175e-01
2.817000000000000000e+09, 2.119999999999999662e-01
2.818000000000000000e+09, 2.269999999999999796e-01
2.819000000000000000e+09, 2.269999999999999796e-01
2.820000000000000000e+09, 2.870000000000000329e-01
2.821000000000000000e+09, 3.440000000000000280e-01
2.822000000000000000e+09, 3.850000000000000089e-01
2.823000000000000000e+09, 4.469999999999999529e-01
2.824000000000000000e+09, 5.889999999999999680e-01
2.825000000000000000e+09, 7.310000000000000941e-01
2.826000000000000000e+09, 8.389999999999999680e-01
2.827000000000000000e+09, 9.849999999999999867e-01
2.828000000000000000e+09, 1.219999999999999973e+00
2.829000000000000000e+09, 1.419999999999999929e+00
2.830000000000000000e+09, 1.658999999999999808e+00
2.831000000000000000e+09, 1.925000000000000044e+00
2.832000000000000000e+09, 2.183000000000000274e+00
2.833000000000000000e+09, 2.370000000000000107e+00
2.834000000000000000e+09, 2.580000000000000071e+00
2.835000000000000000e+09, 2.624000000000000554e+00
2.836000000000000000e+09, 2.487999999999999989e+00
2.837000000000000000e+09, 2.388999999999999790e+00
2.838000000000000000e+09, 2.299999999999999822e+00
2.839000000000000000e+09, 2.130999999999999783e+00
2.840000000000000000e+09, 1.838000000000000078e+00
2.841000000000000000e+09, 1.556999999999999940e+00
2.842000000000000000e+09, 1.329000000000000181e+00
2.843000000000000000e+09, 1.104999999999999982e+00
2.844000000000000000e+09, 9.490000000000000657e-01
2.845000000000000000e+09, 8.120000000000000551e-01
2.846000000000000000e+09, 7.209999999999999742e-01
2.847000000000000000e+09, 6.290000000000000036e-01
2.848000000000000000e+09, 6.039999999999999813e-01
2.849000000000000000e+09, 5.640000000000000568e-01
2.850000000000000000e+09, 5.630000000000000560e-01
2.851000000000000000e+09, 6.029999999999999805e-01
2.852000000000000000e+09, 6.360000000000000098e-01
2.853000000000000000e+09, 6.760000000000000453e-01
2.854000000000000000e+09, 8.060000000000000497e-01
2.855000000000000000e+09, 9.219999999999999307e-01
2.856000000000000000e+09, 1.137000000000000011e+00
2.857000000000000000e+09, 1.293000000000000149e+00
2.858000000000000000e+09, 1.467999999999999972e+00
2.859000000000000000e+09, 1.739999999999999991e+00
2.860000000000000000e+09, 2.073999999999999844e+00
2.861000000000000000e+09, 2.386000000000000121e+00
2.862000000000000000e+09, 2.819999999999999840e+00
2.863000000000000000e+09, 3.267000000000000348e+00
2.864000000000000000e+09, 3.641999999999999460e+00
2.865000000000000000e+09, 4.107000000000000206e+00
2.866000000000000000e+09, 4.527000000000000135e+00
2.867000000000000000e+09, 4.823000000000000398e+00
2.868000000000000000e+09, 5.048000000000000043e+00
2.869000000000000000e+09, 5.218999999999999417e+00
2.870000000000000000e+09, 5.237000000000000099e+00
2.871000000000000000e+09, 5.044999999999999041e+00
2.872000000000000000e+09, 4.842000000000000526e+00
2.873000000000000000e+09, 4.618000000000000327e+00
2.874000000000000000e+09, 4.232999999999999652e+00
2.875000000000000000e+09, 3.728000000000000203e+00
2.876000000000000000e+09, 3.277000000000000135e+00
2.877000000000000000e+09, 2.782999999999999474e+00
2.878000000000000000e+09, 2.294999999999999929e+00
2.879000000000000000e+09, 1.830999999999999961e+00
2.880000000000000000e+09, 1.518000000000000016e+00
2.881000000000000000e+09, 1.237999999999999989e+00
2.882000000000000000e+09, 1.010999999999999899e+00
2.883000000000000000e+09, 8.190000000000000613e-01
2.884000000000000000e+09, 6.650000000000000355e-01
2.885000000000000000e+09, 5.060000000000000053e-01
2.886000000000000000e+09, 4.010000000000000231e-01
2.887000000000000000e+09, 3.430000000000000271e-01
2.888000000000000000e+09, 2.899999999999999800e-01
2.889000000000000000e+09, 2.640000000000000124e-01
2.890000000000000000e+09, 2.150000000000000244e-01
2.891000000000000000e+09, 1.859999999999999987e-01
2.892000000000000000e+09, 1.700000000000000122e-01
2.893000000000000000e+09, 1.459999999999999909e-01
2.894000000000000000e+09, 1.290000000000000036e-01
2.895000000000000000e+09, 1.499999999999999944e-01
2.896000000000000000e+09, 1.260000000000000009e-01
2.897000000000000000e+09, 1.219999999999999973e-01
2.898000000000000000e+09, 1.570000000000000007e-01
2.899000000000000000e+09, 1.849999999999999978e-01
2.900000000000000000e+09, 2.189999999999999725e-01
2.901000000000000000e+09, 2.219999999999999751e-01
2.902000000000000000e+09, 2.730000000000000204e-01
2.903000000000000000e+09, 3.240000000000000102e-01
2.904000000000000000e+09, 3.640000000000000457e-01
2.905000000000000000e+09, 4.479999999999999538e-01
2.906000000000000000e+09, 4.759999999999999787e-01
2.907000000000000000e+09, 5.820000000000000728e-01
2.908000000000000000e+09, 7.020000000000000684e-01
2.909000000000000000e+09, 8.340000000000000746e-01
2.910000000000000000e+09, 9.219999999999999307e-01
2.911000000000000000e+09, 7.429999999999999938e-01
2.912000000000000000e+09, 7.050000000000000711e-01
2.913000000000000000e+09, 8.100000000000000533e-01
2.914000000000000000e+09, 1.056000000000000050e+00
2.915000000000000000e+09, 1.322999999999999954e+00
2.916000000000000000e+09, 1.645000000000000018e+00
2.917000000000000000e+09, 2.007000000000000117e+00
2.918000000000000000e+09, 2.350000000000000089e+00
2.919000000000000000e+09, 2.655000000000000249e+00
2.920000000000000000e+09, 2.949000000000000288e+00
2.921000000000000000e+09, 3.350000000000000089e+00
2.922000000000000000e+09, 3.761000000000000121e+00
2.923000000000000000e+09, 3.984000000000000430e+00
2.924000000000000000e+09, 4.186999999999999389e+00
2.925000000000000000e+09, 4.394000000000000128e+00
2.926000000000000000e+09, 4.310999999999999943e+00
2.927000000000000000e+09, 4.089999999999999858e+00
2.928000000000000000e+09, 3.888000000000000345e+00
2.929000000000000000e+09, 3.515999999999999570e+00
2.930000000000000000e+09, 3.078000000000000291e+00
2.931000000000000000e+09, 2.573999999999999844e+00
2.932000000000000000e+09, 2.065000000000000391e+00
2.933000000000000000e+09, 1.647000000000000020e+00
2.934000000000000000e+09, 1.346000000000000085e+00
2.935000000000000000e+09, 1.102999999999999980e+00
2.936000000000000000e+09, 9.270000000000000462e-01
2.937000000000000000e+09, 7.109999999999999654e-01
2.938000000000000000e+09, 6.089999999999999858e-01
2.939000000000000000e+09, 5.240000000000000213e-01
2.940000000000000000e+09, 4.429999999999999494e-01
2.941000000000000000e+09, 4.290000000000000480e-01
2.942000000000000000e+09, 3.940000000000000169e-01
2.943000000000000000e+09, 3.689999999999999947e-01
2.944000000000000000e+09, 4.040000000000000258e-01
2.945000000000000000e+09, 4.679999999999999716e-01
2.946000000000000000e+09, 5.929999999999999716e-01
2.947000000000000000e+09, 7.870000000000000329e-01
2.948000000000000000e+09, 9.540000000000001812e-01
2.949000000000000000e+09, 1.195999999999999952e+00
2.950000000000000000e+09, 1.475999999999999979e+00
2.951000000000000000e+09, 1.695000000000000284e+00
2.952000000000000000e+09, 1.950000000000000178e+00
2.953000000000000000e+09, 2.221999999999999975e+00
2.954000000000000000e+09, 2.443999999999999950e+00
2.955000000000000000e+09, 2.554000000000000270e+00
2.956000000000000000e+09, 2.668000000000000149e+00
2.957000000000000000e+09, 2.725999999999999979e+00
2.958000000000000000e+09, 2.619000000000000217e+00
2.959000000000000000e+09, 2.470000000000000195e+00
2.960000000000000000e+09, 2.326999999999999957e+00
2.961000000000000000e+09, 2.077999999999999847e+00
2.962000000000000000e+09, 1.800999999999999934e+00
2.963000000000000000e+09, 1.510999999999999899e+00
2.964000000000000000e+09, 1.270000000000000018e+00
2.965000000000000000e+09, 1.090999999999999970e+00
2.966000000000000000e+09, 9.079999999999999183e-01
2.967000000000000000e+09, 6.940000000000000613e-01
2.968000000000000000e+09, 5.749999999999999556e-01
2.969000000000000000e+09, 4.909999999999999920e-01
2.970000000000000000e+09, 4.320000000000000506e-01
2.971000000000000000e+09, 3.330000000000000182e-01
2.972000000000000000e+09, 2.790000000000000258e-01
2.973000000000000000e+09, 2.010000000000000120e-01
2.974000000000000000e+09, 1.869999999999999996e-01
2.975000000000000000e+09, 1.539999999999999980e-01
2.976000000000000000e+09, 1.320000000000000062e-01
2.977000000000000000e+09, 1.379999999999999838e-01
2.978000000000000000e+09, 5.699999999999999512e-02
2.979000000000000000e+09, -1.000000000000000021e-03
2.980000000000000000e+09, 4.399999999999999745e-02
2.981000000000000000e+09, 3.399999999999999550e-02
2.982000000000000000e+09, 2.400000000000000050e-02
2.983000000000000000e+09, 1.700000000000000122e-02
2.984000000000000000e+09, -2.899999999999999800e-02
2.985000000000000000e+09, -6.500000000000000222e-02
2.986000000000000000e+09, -6.700000000000000400e-02
2.987000000000000000e+09, -8.200000000000000344e-02
2.988000000000000000e+09, -8.700000000000000788e-02
2.989000000000000000e+09, -9.700000000000000289e-02
2.990000000000000000e+09, -6.499999999999998834e-02
2.991000000000000000e+09, -8.500000000000000611e-02
2.992000000000000000e+09, -8.900000000000000966e-02
2.993000000000000000e+09, -8.700000000000000788e-02
2.994000000000000000e+09, -6.500000000000000222e-02
2.995000000000000000e+09, -9.299999999999999933e-02
2.996000000000000000e+09, -8.300000000000000433e-02
2.997000000000000000e+09, -1.040000000000000091e-01
2.998000000000000000e+09, -1.109999999999999876e-01
2.999000000000000000e+09, -8.300000000000000433e-02
3.000000000000000000e+09, -1.069999999999999840e-01
3.001000000000000000e+09, -1.070000000000000118e-01
3.002000000000000000e+09, -6.400000000000000133e-02
3.003000000000000000e+09, -1.089999999999999997e-01
3.004000000000000000e+09, -7.499999999999999722e-02
3.005000000000000000e+09, -4.900000000000000189e-02
3.006000000000000000e+09, -5.600000000000000117e-02
3.007000000000000000e+09, -2.199999999999999872e-02
3.008000000000000000e+09, -6.000000000000000125e-03
3.009000000000000000e+09, 2.000000000000000042e-02
3.010000000000000000e+09, 5.899999999999999689e-02
3.011000000000000000e+09, 1.610000000000000042e-01
3.012000000000000000e+09, 2.540000000000000036e-01
3.013000000000000000e+09, 3.200000000000000067e-01
3.014000000000000000e+09, 4.359999999999999432e-01
3.015000000000000000e+09, 5.520000000000000462e-01
3.016000000000000000e+09, 6.660000000000000364e-01
3.017000000000000000e+09, 7.820000000000000284e-01
3.018000000000000000e+09, 7.620000000000000107e-01
3.019000000000000000e+09, 7.359999999999999876e-01
3.020000000000000000e+09, 7.339999999999999858e-01
3.021000000000000000e+09, 6.680000000000000382e-01
3.022000000000000000e+09, 5.819999999999999618e-01
3.023000000000000000e+09, 4.300000000000000488e-01
3.024000000000000000e+09, 2.700000000000000178e-01
3.025000000000000000e+09, 2.110000000000000209e-01
3.026000000000000000e+09, 1.600000000000000033e-01
3.027000000000000000e+09, 1.090000000000000135e-01
3.028000000000000000e+09, 3.899999999999999994e-02
3.029000000000000000e+09, 4.100000000000000172e-02
3.030000000000000000e+09, 3.599999999999999728e-02
3.031000000000000000e+09, 3.899999999999999994e-02
3.032000000000000000e+09, 2.000000000000000042e-02
3.033000000000000000e+09, 2.400000000000000050e-02
3.034000000000000000e+09, 4.299999999999999656e-02
3.035000000000000000e+09, 3.099999999999999978e-02
3.036000000000000000e+09, 8.000000000000000167e-03
3.037000000000000000e+09, -4.800000000000000100e-02
3.038000000000000000e+09, -5.999999999999999778e-02
3.039000000000000000e+09, -7.399999999999999634e-02
3.040000000000000000e+09, -7.599999999999999811e-02
3.041000000000000000e+09, -7.399999999999999634e-02
3.042000000000000000e+09, -1.020000000000000073e-01
3.043000000000000000e+09, -9.500000000000000111e-02
3.044000000000000000e+09, -4.399999999999999745e-02
3.045000000000000000e+09, -8.200000000000000344e-02
3.046000000000000000e+09, -1.350000000000000089e-01
3.047000000000000000e+09, -1.640000000000000069e-01
3.048000000000000000e+09, -1.460000000000000187e-01
3.049000000000000000e+09, -1.070000000000000118e-01
3.050000000000000000e+09, -1.089999999999999858e-01
3.051000000000000000e+09, -1.239999999999999991e-01
3.052000000000000000e+09, -1.310000000000000053e-01
3.053000000000000000e+09, -1.239999999999999991e-01
3.054000000000000000e+09, -1.320000000000000062e-01
3.055000000000000000e+09, -1.199999999999999956e-01
3.056000000000000000e+09, -1.239999999999999991e-01
3.057000000000000000e+09, -1.209999999999999964e-01
3.058000000000000000e+09, -1.020000000000000073e-01
3.059000000000000000e+09, -6.999999999999999278e-02
3.060000000000000000e+09, -3.700000000000000511e-02
3.061000000000000000e+09, -5.499999999999999334e-02
3.062000000000000000e+09, -6.800000000000000488e-02
3.063000000000000000e+09, -9.199999999999999845e-02
3.064000000000000000e+09, -6.899999999999999190e-02
3.065000000000000000e+09, -5.999999999999999778e-02
3.066000000000000000e+09, -6.899999999999999190e-02
3.067000000000000000e+09, -2.900000000000000494e-02
3.068000000000000000e+09, 7.000000000000000146e-03
3.069000000000000000e+09, 3.099999999999999978e-02
3.070000000000000000e+09, 4.599999999999999922e-02
3.071000000000000000e+09, 1.069999999999999840e-01
3.072000000000000000e+09, 1.199999999999999956e-01
3.073000000000000000e+09, 1.680000000000000104e-01
3.074000000000000000e+09, 1.970000000000000084e-01
3.075000000000000000e+09, 3.019999999999999907e-01
3.076000000000000000e+09, 3.930000000000000160e-01
3.077000000000000000e+09, 4.959999999999999964e-01
3.078000000000000000e+09, 5.929999999999999716e-01
3.079000000000000000e+09, 7.400000000000001021e-01
3.080000000000000000e+09, 9.390000000000000568e-01
3.081000000000000000e+09, 1.147000000000000020e+00
3.082000000000000000e+09, 1.377000000000000002e+00
3.083000000000000000e+09, 1.664000000000000146e+00
3.084000000000000000e+09, 2.037999999999999812e+00
3.085000000000000000e+09, 2.384999999999999787e+00
3.086000000000000000e+09, 2.699000000000000288e+00
3.087000000000000000e+09, 3.020999999999999464e+00
3.088000000000000000e+09, 3.285000000000000142e+00
3.089000000000000000e+09, 3.383000000000000007e+00
3.090000000000000000e+09, 3.338000000000000078e+00
3.091000000000000000e+09, 3.171000000000000263e+00
3.092000000000000000e+09, 2.854999999999999982e+00
3.093000000000000000e+09, 2.464999999999999858e+00
3.094000000000000000e+09, 2.046999999999999709e+00
3.095000000000000000e+09, 1.629000000000000004e+00
3.096000000000000000e+09, 1.294000000000000039e+00
3.097000000000000000e+09, 1.004999999999999893e+00
3.098000000000000000e+09, 7.489999999999999991e-01
3.099000000000000000e+09, 5.639999999999999458e-01
3.100000000000000000e+09, 3.699999999999999956e-01
3.101000000000000000e+09, 2.200000000000000011e-01
3.102000000000000000e+09, 1.990000000000000102e-01
3.103000000000000000e+09, 1.630000000000000060e-01
3.104000000000000000e+09, 9.700000000000000289e-02
3.105000000000000000e+09, 5.200000000000000455e-02
3.106000000000000000e+09, 1.000000000000000021e-03
3.107000000000000000e+09, -2.800000000000000058e-02
3.108000000000000000e+09, -1.040000000000000091e-01
3.109000000000000000e+09, -1.429999999999999882e-01
3.110000000000000000e+09, -1.099999999999999867e-01
3.111000000000000000e+09, -7.200000000000000844e-02
3.112000000000000000e+09, -9.900000000000000466e-02
3.113000000000000000e+09, -7.499999999999999722e-02
3.114000000000000000e+09, -3.599999999999999728e-02
3.115000000000000000e+09, -4.599999999999999922e-02
3.116000000000000000e+09, -1.020000000000000073e-01
3.117000000000000000e+09, -1.219999999999999973e-01
3.118000000000000000e+09, -1.320000000000000062e-01
3.119000000000000000e+09, -9.800000000000000377e-02
3.120000000000000000e+09, -5.100000000000000366e-02
3.121000000000000000e+09, -1.050000000000000100e-01
3.122000000000000000e+09, -9.600000000000000200e-02
3.123000000000000000e+09, -8.500000000000000611e-02
3.124000000000000000e+09, -6.500000000000000222e-02
3.125000000000000000e+09, -8.800000000000000877e-02
3.126000000000000000e+09, -8.799999999999999489e-02
3.127000000000000000e+09, -1.179999999999999938e-01
3.128000000000000000e+09, -8.999999999999999667e-02
3.129000000000000000e+09, -1.100000000000000144e-01
3.130000000000000000e+09, -1.290000000000000036e-01
3.131000000000000000e+09, -1.030000000000000082e-01
3.132000000000000000e+09, -1.459999999999999909e-01
3.133000000000000000e+09, -1.100000000000000144e-01
3.134000000000000000e+09, -1.000000000000000056e-01
3.135000000000000000e+09, -7.499999999999999722e-02
3.136000000000000000e+09, -3.799999999999999906e-02
3.137000000000000000e+09, -1.129999999999999893e-01
3.138000000000000000e+09, -1.640000000000000069e-01
3.139000000000000000e+09, -1.519999999999999962e-01
3.140000000000000000e+09, -1.420000000000000151e-01
3.141000000000000000e+09, -1.219999999999999973e-01
3.142000000000000000e+09, -1.290000000000000036e-01
3.143000000000000000e+09, -8.500000000000000611e-02
3.144000000000000000e+09, -1.070000000000000118e-01
3.145000000000000000e+09, -1.340000000000000080e-01
3.146000000000000000e+09, -1.499999999999999944e-01
3.147000000000000000e+09, -1.270000000000000018e-01
3.148000000000000000e+09, -1.000000000000000056e-01
3.149000000000000000e+09, -1.340000000000000080e-01
3.150000000000000000e+09, -1.310000000000000053e-01
3.151000000000000000e+09, -1.090000000000000135e-01
3.152000000000000000e+09, -1.050000000000000100e-01
3.153000000000000000e+09, -8.100000000000000255e-02
3.154000000000000000e+09, -8.000000000000000167e-02
3.155000000000000000e+09, -9.500000000000001499e-02
3.156000000000000000e+09, -1.040000000000000091e-01
3.157000000000000000e+09, -6.000000000000000472e-02
3.158000000000000000e+09, -7.200000000000000844e-02
3.159000000000000000e+09, -6.600000000000000311e-02
3.160000000000000000e+09, -1.149999999999999911e-01
3.161000000000000000e+09, -9.199999999999999845e-02
3.162000000000000000e+09, -1.219999999999999973e-01
3.163000000000000000e+09, -1.010000000000000064e-01
3.164000000000000000e+09, -5.799999999999999600e-02
3.165000000000000000e+09, -8.899999999999999578e-02
3.166000000000000000e+09, -1.420000000000000151e-01
3.167000000000000000e+09, -1.320000000000000062e-01
3.168000000000000000e+09, -1.189999999999999947e-01
3.169000000000000000e+09, -1.099999999999999867e-01
3.170000000000000000e+09, -9.600000000000000200e-02
3.171000000000000000e+09, -1.400000000000000133e-01
3.172000000000000000e+09, -1.610000000000000042e-01
3.173000000000000000e+09, -1.450000000000000178e-01
3.174000000000000000e+09, -1.380000000000000115e-01
3.175000000000000000e+09, -1.380000000000000115e-01
3.176000000000000000e+09, -1.140000000000000041e-01
3.177000000000000000e+09, -6.899999999999999190e-02
3.178000000000000000e+09, -1.410000000000000142e-01
3.179000000000000000e+09, -1.459999999999999909e-01
3.180000000000000000e+09, -1.489999999999999936e-01
3.181000000000000000e+09, -1.340000000000000080e-01
3.182000000000000000e+09, -1.139999999999999902e-01
3.183000000000000000e+09, -1.099999999999999867e-01
3.184000000000000000e+09, -1.410000000000000142e-01
3.185000000000000000e+09, -1.740000000000000158e-01
3.186000000000000000e+09, -1.380000000000000115e-01
3.187000000000000000e+09, -9.900000000000000466e-02
3.188000000000000000e+09, -9.600000000000001588e-02
3.189000000000000000e+09, -1.250000000000000000e-01
3.190000000000000000e+09, -1.260000000000000009e-01
3.191000000000000000e+09, -9.400000000000000022e-02
3.192000000000000000e+09, -8.300000000000000433e-02
3.193000000000000000e+09, -1.139999999999999902e-01
3.194000000000000000e+09, -1.360000000000000098e-01
3.195000000000000000e+09, -1.640000000000000069e-01
3.196000000000000000e+09, -1.010000000000000064e-01
3.197000000000000000e+09, -1.199999999999999956e-01
3.198000000000000000e+09, -1.149999999999999911e-01
3.199000000000000000e+09, -1.539999999999999980e-01
3.200000000000000000e+09, -1.539999999999999980e-01
3.201000000000000000e+09, -1.459999999999999909e-01
3.202000000000000000e+09, -1.410000000000000142e-01
3.203000000000000000e+09, -1.320000000000000062e-01
3.204000000000000000e+09, -1.239999999999999991e-01
3.205000000000000000e+09, -1.420000000000000151e-01
3.206000000000000000e+09, -1.710000000000000131e-01
3.207000000000000000e+09, -1.519999999999999962e-01
3.208000000000000000e+09, -1.300000000000000044e-01
3.209000000000000000e+09, -9.700000000000000289e-02
3.210000000000000000e+09, -9.800000000000001765e-02
3.211000000000000000e+09, -1.310000000000000053e-01
3.212000000000000000e+09, -1.090000000000000135e-01
3.213000000000000000e+09, -1.129999999999999893e-01
3.214000000000000000e+09, -1.179999999999999938e-01
3.215000000000000000e+09, -1.559999999999999998e-01
3.216000000000000000e+09, -1.780000000000000193e-01
3.217000000000000000e+09, -1.980000000000000093e-01
3.218000000000000000e+09, -1.519999999999999962e-01
3.219000000000000000e+09, -1.720000000000000140e-01
3.220000000000000000e+09, -1.239999999999999991e-01
3.221000000000000000e+09, -1.330000000000000071e-01
3.222000000000000000e+09, -1.620000000000000051e-01
3.223000000000000000e+09, -1.549999999999999989e-01
3.224000000000000000e+09, -1.210000000000000103e-01
3.225000000000000000e+09, -1.040000000000000091e-01
3.226000000000000000e+09, -1.010000000000000064e-01
3.227000000000000000e+09, -1.089999999999999997e-01
3.228000000000000000e+09, -8.200000000000000344e-02
3.229000000000000000e+09, -4.599999999999999922e-02
3.230000000000000000e+09, -1.330000000000000071e-01
3.231000000000000000e+09, -2.080000000000000182e-01
3.232000000000000000e+09, -2.670000000000000151e-01
3.233000000000000000e+09, -1.819999999999999951e-01
3.234000000000000000e+09, -1.310000000000000053e-01
3.235000000000000000e+09, -1.179999999999999938e-01
3.236000000000000000e+09, -1.280000000000000027e-01
3.237000000000000000e+09, -1.410000000000000142e-01
3.238000000000000000e+09, -1.450000000000000178e-01
3.239000000000000000e+09, -1.400000000000000133e-01
3.240000000000000000e+09, -1.539999999999999980e-01
3.241000000000000000e+09, -1.360000000000000098e-01
3.242000000000000000e+09, -1.450000000000000178e-01
3.243000000000000000e+09, -1.630000000000000060e-01
3.244000000000000000e+09, -1.600000000000000033e-01
3.245000000000000000e+09, -1.590000000000000024e-01
3.246000000000000000e+09, -1.109999999999999876e-01
3.247000000000000000e+09, -1.270000000000000018e-01
3.248000000000000000e+09, -1.149999999999999911e-01
3.249000000000000000e+09, -9.800000000000000377e-02
